lastAccountName: tester
timestamps:
  login: 1544353012122
  logout: 1544352966545
  lastteleport: 1544354736932
ipAddress: 127.0.0.1
lastlocation:
  world: world
  x: -646.5539971096231
  y: 126.0
  z: 474.02960897403875
  yaw: -310.03467
  pitch: 10.913955
logoutlocation:
  world: world
  x: -646.9890056141384
  y: 126.0
  z: 477.0106635477861
  yaw: -79.66109
  pitch: 8.0972805
homes:
  home:
    world: world
    x: -434.9367367360138
    y: 67.0
    z: -4.000460276807596
    yaw: 61.955334
    pitch: 15.599984
afk: false
